1679
1285
1285
6347
2221
1285
2634
1285
1285
6347
1285
4309
6347
5924
4309
4309
5914
2221
2221
5914
5914
5914
6376
5914
5393
7753
1679
2634
5914
7753
2221
2221
4309
6961
4309
3177
4309
3177
4309
4015
4309
3177
5309
2941
2941
2941
2941
2941
2941
2941
2941
4309
6390
6917
6434
6434
2221
2221
6434
2221
6376
6434
5309
2221
5376
6390
6434
5968
5283
5968
1679
5648
6434
998
4653
1679
5914
5968
3327
5555
3177
6390
6390
6390
2941
6390
2941
2941
2941
2941
7753
6390
6390
6390
6390
5677
7680
1675
1897
4726
4726
1679
6390
1679
1679
6390
6376
6390
6376
6390
1675
3177
1679
1679
1679
3853
3177
5951
3177
1679
1679
4653
4653
2221
2221
2221
6321
4653
5968
6390
3177
5836
2614
2614
2614
5968
5968
2614
2221
2221
2221
6815
2221
2941
2941
2941
2941
5677
6654
4726
2221
4726
2221
1362
2221
2221
5555
2634
2221
7317
7317
1679
7317
6654
5924
5836
2221
5677
5677
6654
2221
5677
2941
2941
2941
2221
2941
2221
2221
2221
2221
2221
2221
2221
5924
2221
1362
5914
4726
3177
5677
2221
2221
2221
2221
5968
5968
5968
6390
6390
6390
6390
6390
6390
6390
3327
6390
5677
5677
6390
1679
2941
2941
2941
2941
5186
2941
2941
5914
2221
2221
2221
4653
2221
2221
2221
2221
2221
2221
2221
2221
4653
2221
2221
2221
2221
2221
2221
2221
4726
2221
2221
2221
2221
6586
5968
5968
4015
2221
3177
6347
6347
5283
5283
3177
5283
5968
6376
4726
1679
7753
5924
5283
3177
7753
5393
2221
2221
5677
1221
7753
3327
3327
3327
5309
5309
6601
6601
4726
4726
1897
6376
2941
2941
6376
2941
6376
2941
2941
2941
6376
2941
2941
6376
2941
2941
2941
1675
1675
4726
4726
1362
4309
4309
2941
2941
2941
2941
2941
2941
2941
2941
2941
4309
2941
2941
2941
2941
2941
2941
2941
2941
2941
2941
2941
2941
2941
2941
2941
2941
2941
2941
2941
2941
2941
2941
2941
2941
2941
2941
2941
2941
2941
2941
2941
2941
2941
2941
2941
2941
2941
2941
2941
2941
5677
4965
5677
4726
4726
2941
5648
4309
4309
4309
4309
4309
4309
5914
2221
4309
4309
4309
4309
4309
4309
4309
1897
5677
5677
5280
4653
4653
4092
4092
2221
4092
4092
6815
6815
6815
7647
5968
1087
2634
2634
5968
5968
7753
2634
1285
1679
1679
5951
5951
1675
4899
6601
5677
6376
5951
5629
5951
5677
5629
4653
7317
2634
1679
1679
1679
5502
5502
5502
5502
2567
5502
5502
5502
5502
5502
5502
2567
2634
4726
7317
2651
2634
2221
2634
2221
1285
7088
1285
2221
7088
7088
7088
5914
6376
4949
7088
2221
1679
2634
5924
6815
2634
2614
2634
2634
2634
2221
2221
2634
1362
2221
2221
2221
2941
2634
2614
2634
2634
6815
2634
6815
6815
5376
2221
1285
6815
2634
2221
3177
2634
2634
2221
2634
1679
1221
2614
5924
5924
2614
2614
2941
4726
2941
6376
2221